[Weights]
Number of layers = 2
[Layer0]
Number to = 10
Number from = 8
0  -0.071  3.247  1.131  -4.338  -0.116  -5.48  0.073  
0  -7.096  2.852  3.829  7.747  1.378  -4.789  0.079  
0  -7.801  -6.312  0.884  0.076  0.684  1.754  7.385  
0  -5.01  -0.529  -0.542  5.633  3.174  -0.433  -4.901  
0  -3.86  -2.194  -0.273  5.872  0.029  -4.066  -1.68  
0  -2.629  3.959  -1.924  0.217  -4.341  5.184  1.095  
0  -5.241  2.443  -0.506  -4.664  4.169  2.632  2.203  
0  2.894  -1.208  0.191  -4.437  0.478  -5.467  4.48  
0  -4.316  -5.229  0.667  -1.391  4.5  3.358  -3.372  
0  0.199  -4.549  -5.728  4.262  -1.243  1.153  -2.175  
[Layer1]
Number to = 7
Number from = 11
-1.814  -1.585  -7.001  0.156  4.468  4.154  -1.413  5.252  2.504  2.617  4.063  
1.657  1.526  6.859  0.055  -4.24  -4.109  1.754  -5.587  -2.196  -2.545  -4.213  
2.136  1.447  6.807  -0.253  -4.654  -3.722  1.471  -5.4  -2.653  -2.397  -4.43  
-1.497  -5.962  3.154  -6.724  -6.597  2.934  2.385  0.846  -4.931  -5.575  5.632  
-1.4  6.799  -3.987  12.169  -2.106  -1.032  -3.227  -2.103  0.854  -4.408  -0.088  
-1.112  2.233  1.782  0.367  -0.974  -1.881  -5.191  -4.536  6.226  11.895  -3.403  
3.283  8.796  -7.743  -2.961  -3.164  -4.225  7.761  -7.08  -0.669  0.507  3.413  
