[Weights]
Number of layers = 2
[Layer0]
Number to = 10
Number from = 8
0  -4.262  11.962  5.159  -10.072  -9.933  3.873  3.954  
0  -3.611  2.198  1.473  0.511  -3.581  5.412  -2.429  
0  -13.822  -2.29  -0.098  4.581  4.841  -3.21  -0.12  
0  -10.147  7.308  2.788  -0.202  0.688  -1.488  -2.945  
0  -0.645  -9.099  -10.501  6.771  -0.489  0.249  -4.283  
0  13.58  -10.357  -3.382  -16.457  -2.59  8.857  0.723  
0  -6.903  2.306  0.509  -2.732  -1.259  -2.839  -4.921  
0  -1.663  -6.108  1.53  -8.108  6.976  5.672  -6.068  
0  -6.214  0.48  1.612  -2.52  -0.324  -1.666  -4.13  
0  1.463  6.502  1.898  -4.169  -7.598  -8.37  1.703  
[Layer1]
Number to = 7
Number from = 11
-7.966  4.849  -1.784  11.263  -0.397  12.604  3.982  -1.278  8.292  -0.893  -4.382  
7.968  -4.845  1.754  -11.235  0.347  -12.629  -3.971  0.98  -8.304  0.061  4.736  
7.954  -4.89  1.862  -11.294  0.364  -12.593  -4.004  1.69  -8.251  -0.163  4.419  
-2.877  9.588  0.639  -2.548  -6.626  8.498  -9.275  -1.474  -3.383  -1.298  -10.634  
-4.523  -10.068  -2.934  0.215  16.029  -6.923  14.609  -7.536  -6.224  -6.359  7.177  
2.497  -11.086  -7.123  4.533  -6.013  -7.994  0.071  -2.269  11.634  -2.587  19.569  
-13.07  12.012  3.113  -1.213  -12.534  7.571  12.946  6.612  -3.92  2.201  7.081  
